page_bytes	pages	shared_bytes	e2e_s	tpot_s	sha256
8192	10	101376	6.329995219	0.006183605	cde39ce4470d21085d55f8f6200b699cc78fb0648e3d4e539d1b66e1ca0735c9
16384	5	101376	4.751128227	0.004640210	2c3f9b50c1457a44beecf70c978f2f2fa6043fb51c6dc6742a7a9d01edeb70b9
