128 128 16 3 2
128 128 8 2 2
128 128 8 3 8
128 16 16 4 16
128 16 16 5 4
128 16 32 3 4
128 256 16 3 4
128 256 8 4 16
128 32 16 2 4
128 32 8 2 16
128 32 8 3 16
128 64 32 2 4
128 64 8 5 2
16 128 16 3 4
16 128 16 5 16
16 128 32 3 16
16 128 32 4 16
16 128 32 5 16
16 128 32 5 2
16 256 16 5 1
16 256 16 5 4
16 32 32 4 2
16 64 16 2 16
16 64 16 2 8
16 64 16 3 16
16 64 16 3 8
16 64 16 4 16
16 64 16 4 8
16 64 16 5 16
16 64 16 5 8
16 64 32 2 16
16 64 32 2 8
16 64 32 3 16
16 64 32 3 8
16 64 32 4 16
16 64 32 4 8
16 64 32 5 16
16 64 32 5 8
256 128 16 2 8
256 128 8 2 2
256 32 8 4 8
256 64 16 2 4
256 64 8 2 1
32 128 16 4 16
32 128 16 4 4
32 128 16 5 1
32 128 16 5 16
32 128 32 3 16
32 128 32 4 16
32 128 8 2 8
32 128 8 4 4
32 16 16 3 1
32 16 16 5 16
32 16 32 4 4
32 256 16 5 2
32 256 8 2 8
32 256 8 3 4
32 32 16 2 8
32 32 16 3 16
32 32 16 3 8
32 32 16 4 16
32 32 16 4 4
32 32 16 4 8
32 32 16 5 16
32 32 16 5 8
32 32 32 2 16
32 32 32 2 8
32 32 32 3 16
32 32 32 3 8
32 32 32 4 16
32 32 32 4 8
32 32 32 5 16
32 32 32 5 8
32 32 8 2 4
32 32 8 3 8
32 64 16 2 16
32 64 16 2 8
32 64 16 3 16
32 64 16 3 8
32 64 16 4 8
32 64 32 2 16
32 64 32 4 16
32 64 32 4 8
32 64 32 5 16
32 64 8 3 8
64 128 16 3 8
64 128 16 4 16
64 128 8 2 16
64 16 16 4 1
64 16 32 5 2
64 256 16 2 2
64 256 8 3 1
64 256 8 3 4
64 256 8 4 16
64 256 8 4 8
64 32 32 3 2
64 64 16 5 16
64 64 32 3 16
64 64 32 4 16
64 64 32 5 4
