128 128 16 2 8
128 128 32 2 8
128 128 32 3 8
128 128 32 5 4
128 16 32 2 8
128 16 32 4 1
128 16 32 4 4
128 16 32 5 1
128 16 32 5 4
128 256 16 2 8
128 256 16 5 1
128 256 32 2 4
128 256 32 3 8
128 32 16 5 1
128 32 32 2 8
128 32 32 3 8
128 32 32 4 8
128 32 32 5 8
128 64 16 2 1
128 64 16 2 8
128 64 32 5 4
256 128 16 2 1
256 128 16 2 8
256 128 16 3 1
256 128 32 4 1
256 16 16 2 1
256 16 16 4 4
256 16 16 4 8
256 16 32 2 8
256 256 16 2 4
256 32 32 3 8
32 128 16 2 1
32 128 32 2 1
32 128 32 4 8
32 16 16 2 4
32 16 16 2 8
32 16 16 3 4
32 16 16 3 8
32 16 16 4 1
32 16 16 4 4
32 16 16 4 8
32 16 16 5 1
32 16 16 5 4
32 16 16 5 8
32 16 32 2 4
32 16 32 2 8
32 16 32 3 4
32 16 32 3 8
32 16 32 4 4
32 16 32 4 8
32 16 32 5 4
32 16 32 5 8
32 256 16 4 4
32 256 16 5 1
32 256 32 5 1
32 32 16 2 8
32 32 16 3 4
32 32 16 3 8
32 32 16 4 4
32 32 16 4 8
32 32 16 5 4
32 32 16 5 8
32 32 32 2 8
32 32 32 3 4
32 32 32 3 8
32 32 32 4 1
32 32 32 4 4
32 32 32 4 8
32 32 32 5 4
32 32 32 5 8
32 64 32 4 1
32 64 32 5 1
64 128 16 5 1
64 128 32 3 1
64 16 16 2 8
64 16 16 3 4
64 16 16 3 8
64 16 16 4 1
64 16 16 4 4
64 16 16 4 8
64 16 16 5 4
64 16 16 5 8
64 16 32 2 4
64 16 32 2 8
64 16 32 4 4
64 16 32 5 4
64 16 32 5 8
64 256 16 4 8
64 256 32 2 1
64 256 32 2 4
64 256 32 3 1
64 256 32 4 1
64 32 16 3 1
64 32 16 3 4
64 32 16 5 8
64 32 32 3 1
64 32 32 3 8
64 32 32 4 1
64 32 32 5 8
64 64 32 5 4
