16 16 16 2
16 16 16 3
16 16 16 4
16 16 16 5
16 16 32 2
16 16 32 3
16 16 32 4
16 16 32 5
16 32 16 2
16 32 16 3
16 32 16 4
16 32 16 5
16 32 32 2
16 32 32 3
16 32 32 4
16 32 32 5
16 64 16 2
16 64 16 3
16 64 16 4
16 64 16 5
16 64 32 2
16 64 32 3
16 64 32 4
16 64 32 5
16 128 16 2
16 128 16 3
16 128 16 4
16 128 16 5
16 128 32 2
16 128 32 3
16 128 32 4
16 128 32 5
16 256 16 2
16 256 16 3
16 256 16 4
16 256 16 5
16 256 32 2
32 16 16 2
32 16 16 3
32 16 16 4
32 16 16 5
32 16 32 2
32 16 32 3
32 16 32 4
32 16 32 5
32 32 8 2
32 32 8 3
32 32 8 4
32 32 8 5
32 32 16 2
32 32 16 3
32 32 16 4
32 32 16 5
32 32 32 2
32 32 32 3
32 32 32 4
32 32 32 5
32 64 8 2
32 64 8 3
32 64 8 4
32 64 8 5
32 64 16 2
32 64 16 3
32 64 16 4
32 64 16 5
32 64 32 2
32 64 32 3
32 64 32 4
32 64 32 5
32 128 8 2
32 128 8 3
32 128 8 4
32 128 8 5
32 128 16 2
32 128 16 3
32 128 16 4
32 128 16 5
32 128 32 2
32 128 32 3
32 128 32 4
32 256 8 2
32 256 8 3
32 256 8 4
32 256 8 5
32 256 16 2
32 256 16 3
32 256 16 4
32 256 16 5
32 256 32 2
64 16 16 2
64 16 16 3
64 16 16 4
64 16 16 5
64 16 32 2
64 16 32 3
64 16 32 4
64 16 32 5
64 32 8 2
64 32 8 3
64 32 8 4
64 32 8 5
64 32 16 2
64 32 16 3
64 32 16 4
64 32 16 5
64 32 32 2
64 32 32 3
64 32 32 4
64 32 32 5
64 64 8 2
64 64 8 3
64 64 8 4
64 64 8 5
64 64 16 2
64 64 16 3
64 64 16 4
64 64 16 5
64 64 32 2
64 64 32 3
64 64 32 4
64 64 32 5
64 128 8 2
64 128 8 3
64 128 8 4
64 128 8 5
64 128 16 2
64 128 16 3
64 128 16 4
64 128 16 5
64 128 32 2
64 128 32 3
64 128 32 4
64 256 8 2
64 256 8 3
64 256 8 4
64 256 8 5
64 256 16 2
64 256 16 3
64 256 16 4
64 256 32 2
128 16 16 2
128 16 16 3
128 16 16 4
128 16 16 5
128 16 32 2
128 16 32 3
128 16 32 4
128 16 32 5
128 32 8 2
128 32 8 3
128 32 8 4
128 32 8 5
128 32 16 2
128 32 16 3
128 32 16 4
128 32 16 5
128 32 32 2
128 32 32 3
128 32 32 4
128 64 8 2
128 64 8 3
128 64 8 4
128 64 8 5
128 64 16 2
128 64 16 3
128 64 16 4
128 64 16 5
128 64 32 2
128 64 32 3
128 64 32 4
128 128 8 2
128 128 8 3
128 128 8 4
128 128 8 5
128 128 16 2
128 128 16 3
128 128 16 4
128 128 16 5
128 128 32 2
128 128 32 3
128 256 8 2
128 256 8 3
128 256 8 4
128 256 8 5
128 256 16 2
128 256 16 3
128 256 16 4
128 256 32 2
256 16 16 2
256 16 16 3
256 16 16 4
256 16 16 5
256 16 32 2
256 32 8 2
256 32 8 3
256 32 8 4
256 32 8 5
256 32 16 2
256 32 16 3
256 32 16 4
256 32 16 5
256 32 32 2
256 64 8 2
256 64 8 3
256 64 8 4
256 64 8 5
256 64 16 2
256 64 16 3
256 64 16 4
256 64 32 2
256 128 8 2
256 128 8 3
256 128 8 4
256 128 8 5
256 128 16 2
256 128 16 3
256 128 16 4
256 128 32 2
256 256 8 2
256 256 8 3
256 256 8 4
256 256 8 5
256 256 16 2
256 256 16 3
